Worksheet 2 Question 6
----------------------

This file contains some example queries for Question 6 of Worksheet 2 and the correct outputs given the index.txt file that was provided.

Query: dawn AND energy
Result: [1581, 9055]

Query: ( dawn AND energy )
Result: [1581, 9055]

Query: energy OR large
Result: [47, 73, 109, 121, 124, 173, 198, 199, 202, 214, 228, 272, 282, 308, 315, 324, 327, 330, 387, 447, 467, 474, 478, 487, 545, 546, 555, 561, 572, 581, 608, 610, 615, 668, 669, 676, 701, 715, 733, 741, 742, 745, 795, 817, 824, 830, 834, 873, 890, 905, 906, 907, 916, 971, 981, 983, 994, 996, 1003, 1004, 1083, 1114, 1123, 1146, 1150, 1216, 1219, 1226, 1242, 1249, 1266, 1267, 1283, 1302, 1350, 1384, 1400, 1401, 1404, 1431, 1436, 1487, 1501, 1504, 1564, 1581, 1660, 1671, 1700, 1703, 1714, 1757, 1760, 1763, 1783, 1793, 1883, 1890, 1906, 1919, 1927, 1931, 1940, 1961, 1967, 1979, 2002, 2003, 2008, 2009, 2031, 2037, 2091, 2096, 2100, 2109, 2126, 2129, 2143, 2152, 2217, 2231, 2236, 2241, 2249, 2274, 2275, 2342, 2358, 2359, 2363, 2370, 2372, 2412, 2417, 2478, 2481, 2496, 2503, 2526, 2527, 2541, 2562, 2620, 2655, 2660, 2687, 2707, 2709, 2722, 2725, 2727, 2731, 2744, 2746, 2751, 2761, 2838, 2894, 2919, 2920, 2922, 2965, 2997, 3010, 3028, 3086, 3087, 3090, 3092, 3107, 3130, 3141, 3197, 3209, 3210, 3211, 3220, 3228, 3235, 3238, 3307, 3310, 3311, 3312, 3322, 3344, 3346, 3373, 3428, 3442, 3443, 3452, 3457, 3459, 3465, 3487, 3500, 3510, 3532, 3556, 3571, 3580, 3606, 3608, 3624, 3668, 3670, 3678, 3685, 3690, 3692, 3694, 3695, 3732, 3764, 3766, 3768, 3780, 3786, 3791, 3802, 3811, 3822, 3830, 3885, 3889, 3893, 3897, 3908, 3909, 3912, 3925, 3928, 3948, 3989, 3994, 3997, 4001, 4002, 4106, 4122, 4129, 4131, 4132, 4138, 4151, 4153, 4191, 4196, 4210, 4219, 4243, 4246, 4251, 4271, 4273, 4311, 4329, 4344, 4368, 4381, 4386, 4388, 4400, 4448, 4471, 4478, 4480, 4486, 4487, 4492, 4503, 4518, 4570, 4573, 4574, 4608, 4630, 4642, 4647, 4651, 4657, 4685, 4719, 4752, 4755, 4757, 4758, 4787, 4854, 4856, 4857, 4869, 4874, 4882, 4899, 4915, 4944, 4952, 4963, 4969, 4970, 4994, 5052, 5064, 5067, 5069, 5070, 5080, 5152, 5164, 5167, 5184, 5192, 5193, 5197, 5229, 5282, 5283, 5293, 5297, 5302, 5309, 5321, 5322, 5337, 5366, 5379, 5381, 5382, 5420, 5437, 5458, 5477, 5485, 5499, 5506, 5507, 5508, 5516, 5526, 5537, 5589, 5600, 5610, 5623, 5634, 5690, 5696, 5705, 5744, 5746, 5775, 5782, 5784, 5787, 5788, 5796, 5810, 5812, 5824, 5850, 5855, 5871, 5903, 5906, 5918, 5920, 5937, 5938, 5958, 5971, 5983, 5989, 5996, 6000, 6006, 6008, 6013, 6015, 6108, 6112, 6120, 6142, 6156, 6169, 6179, 6187, 6189, 6190, 6195, 6198, 6203, 6219, 6287, 6288, 6301, 6309, 6313, 6318, 6345, 6380, 6385, 6412, 6413, 6467, 6473, 6475, 6481, 6499, 6504, 6511, 6513, 6548, 6558, 6560, 6562, 6565, 6566, 6568, 6571, 6590, 6597, 6607, 6622, 6627, 6643, 6667, 6719, 6726, 6738, 6766, 6810, 6817, 6821, 6849, 6864, 6878, 6881, 6897, 6927, 6930, 6984, 7000, 7005, 7012, 7031, 7051, 7060, 7106, 7130, 7134, 7201, 7211, 7212, 7229, 7230, 7243, 7299, 7306, 7310, 7324, 7325, 7338, 7347, 7363, 7396, 7410, 7427, 7434, 7456, 7483, 7484, 7497, 7510, 7515, 7516, 7517, 7518, 7523, 7544, 7554, 7577, 7578, 7585, 7601, 7660, 7716, 7741, 7752, 7778, 7789, 7804, 7811, 7824, 7832, 7835, 7836, 7837, 7843, 7844, 7853, 7869, 7899, 7908, 7915, 7923, 7939, 7960, 8034, 8036, 8052, 8060, 8063, 8064, 8112, 8145, 8179, 8181, 8282, 8331, 8339, 8361, 8375, 8378, 8381, 8385, 8388, 8401, 8416, 8418, 8458, 8464, 8475, 8484, 8488, 8489, 8498, 8514, 8524, 8525, 8554, 8595, 8614, 8640, 8643, 8693, 8713, 8714, 8732, 8740, 8742, 8745, 8748, 8787, 8789, 8791, 8792, 8795, 8796, 8798, 8862, 8865, 8884, 8899, 8906, 8925, 8934, 8952, 8983, 8997, 9001, 9007, 9015, 9022, 9042, 9055, 9083, 9110, 9119, 9134, 9146, 9160, 9196, 9217, 9230, 9233, 9244, 9267, 9268, 9273, 9318, 9323, 9329, 9334, 9364, 9370, 9371, 9398, 9406, 9448, 9449, 9459, 9476, 9499, 9518, 9544, 9549, 9593, 9597, 9600, 9611, 9615, 9619, 9622, 9623, 9624, 9626, 9664, 9665, 9666, 9689, 9712, 9720, 9721, 9722, 9723, 9724, 9726, 9731, 9732, 9733, 9737, 9768, 9798, 9804, 9819, 9829, 9831, 9853, 9883, 9888, 9905, 9906, 9923, 9937, 9971, 9973, 9977, 9978, 9982, 9986, 10014, 10017, 10029, 10036, 10072, 10075, 10083, 10087, 10088, 10097, 10098, 10099, 10103, 10104, 10115, 10144, 10153, 10167, 10188, 10192, 10246, 10260, 10265, 10267, 10268, 10279, 10286, 10312, 10367, 10389, 10395, 10417, 10418, 10419, 10463, 10508, 10526, 10527, 10534, 10542, 10545, 10566, 10569, 10587, 10617, 10644, 10649, 10662, 10682, 10685, 10716, 10725, 10770, 10774, 10778, 10782, 10784, 10787, 10792, 10798, 10800, 10805, 10818, 10835, 10853, 10855, 10857, 10876, 10930, 10949, 10955, 10993, 11023, 11035, 11068, 11078, 11095, 11110, 11119, 11120, 11161, 11181, 11219, 11227, 11229, 11238, 11239, 11240, 11241, 11243, 11244, 11259, 11266, 11306, 11331, 11351, 11352, 11353, 11361, 11364, 11367, 11394, 11409, 11413]

Query: ( dawn AND energy ) OR large
Result: [73, 121, 173, 214, 324, 387, 487, 610, 615, 676, 741, 745, 795, 890, 906, 907, 996, 1003, 1123, 1146, 1216, 1226, 1249, 1266, 1267, 1384, 1401, 1404, 1487, 1564, 1581, 1671, 1700, 1714, 1760, 1890, 1906, 1919, 1927, 1931, 1961, 1967, 1979, 2002, 2031, 2126, 2129, 2143, 2152, 2274, 2275, 2370, 2412, 2503, 2526, 2527, 2655, 2660, 2707, 2751, 2894, 2920, 2965, 3010, 3107, 3130, 3141, 3220, 3235, 3344, 3346, 3373, 3443, 3452, 3457, 3459, 3465, 3487, 3510, 3556, 3571, 3580, 3606, 3624, 3811, 3925, 3948, 3989, 4132, 4138, 4151, 4153, 4191, 4210, 4219, 4246, 4273, 4311, 4344, 4368, 4381, 4386, 4400, 4448, 4492, 4503, 4630, 4685, 4719, 4787, 4874, 4882, 4899, 4915, 4952, 4963, 5052, 5164, 5167, 5297, 5309, 5321, 5322, 5366, 5437, 5458, 5477, 5506, 5516, 5526, 5537, 5610, 5623, 5634, 5696, 5705, 5775, 5782, 5787, 5810, 5824, 5850, 5871, 5918, 5937, 5938, 5983, 5989, 6000, 6013, 6015, 6120, 6142, 6156, 6169, 6219, 6287, 6309, 6313, 6318, 6380, 6412, 6413, 6473, 6499, 6504, 6513, 6548, 6607, 6622, 6726, 6766, 6810, 6817, 6821, 6864, 6878, 6897, 6930, 6984, 7000, 7012, 7031, 7060, 7211, 7229, 7230, 7243, 7299, 7347, 7363, 7396, 7427, 7434, 7456, 7484, 7515, 7516, 7518, 7544, 7554, 7585, 7601, 7716, 7789, 7811, 7835, 7853, 7869, 7908, 7915, 7960, 8036, 8060, 8179, 8181, 8282, 8331, 8381, 8388, 8401, 8458, 8464, 8489, 8514, 8524, 8525, 8554, 8614, 8640, 8643, 8713, 8787, 8791, 8792, 8925, 8983, 9001, 9015, 9022, 9055, 9119, 9134, 9146, 9230, 9267, 9370, 9371, 9449, 9459, 9476, 9600, 9611, 9622, 9626, 9712, 9731, 9732, 9737, 9768, 9853, 9906, 9937, 9971, 10014, 10017, 10029, 10083, 10098, 10099, 10144, 10153, 10188, 10192, 10279, 10286, 10312, 10395, 10419, 10508, 10542, 10569, 10587, 10617, 10644, 10662, 10685, 10774, 10778, 10782, 10800, 10818, 10853, 10857, 10876, 10955, 10993, 11023, 11035, 11110, 11161, 11239, 11266, 11306, 11351, 11409]

Query: dawn AND ( energy OR large )
Result: [1581, 9055]

Query: ( ( dawn AND (energy OR large ) ) )
Result: [1581, 9055]

Query: dawn AND energy AND cause
Result: [1581]

Query: ( ( ( consists AND experimental AND gases ) ) )
Result: [5898]

Query: ( cause OR gases OR thermistors )
Result: [53, 70, 127, 193, 238, 464, 502, 554, 629, 665, 699, 741, 977, 985, 993, 1033, 1218, 1258, 1463, 1581, 1601, 1650, 1671, 1734, 1795, 1895, 1996, 2020, 2414, 2435, 2503, 2510, 2591, 2597, 2603, 2795, 2855, 2869, 2876, 2923, 2988, 2989, 3001, 3197, 3358, 3424, 3442, 3452, 3458, 3459, 3518, 3569, 3578, 3662, 3670, 3789, 3841, 3890, 3948, 3958, 4009, 4191, 4192, 4257, 4259, 4471, 4480, 4507, 4530, 4571, 4641, 4645, 4751, 4752, 4753, 4754, 4818, 4858, 4863, 4972, 5067, 5070, 5074, 5092, 5113, 5210, 5280, 5292, 5296, 5300, 5315, 5528, 5587, 5621, 5640, 5688, 5785, 5898, 5900, 5942, 6016, 6155, 6167, 6185, 6186, 6289, 6301, 6377, 6471, 6473, 6613, 6648, 6809, 6827, 6830, 6848, 6874, 6923, 7053, 7205, 7239, 7264, 7321, 7409, 7416, 7431, 7490, 7532, 7551, 7597, 7598, 7599, 7604, 7721, 7840, 7850, 7931, 8040, 8158, 8172, 8174, 8277, 8370, 8480, 8582, 8609, 8649, 8667, 8692, 8704, 8796, 8904, 8985, 8990, 9005, 9025, 9051, 9067, 9106, 9259, 9325, 9349, 9481, 9640, 9658, 9719, 9783, 9885, 9973, 9975, 10014, 10229, 10295, 10390, 10464, 10650, 10653, 10657, 10692, 10788, 10906, 11139, 11244]

Query: ( cause AND energy ) OR ( large AND thermistors )
Result: [1581, 3197, 4191, 8796, 9973, 11244]

Query: ( dawn AND energy AND cause ) OR ( consists AND experimental AND gases ) OR ( heated AND large AND thermistors )
Result: [1581, 4191, 5898]

Query: dawn AND ( energy OR experimental ) AND ( ( heated AND large AND thermistors ) OR gases )
Result: []

